measured Sun
measured Jupiter
measured Saturn
measured Uranus
measured Earth
measured Mars
{
  "url": "http://localhost:4173/",
  "bodies": {
    "Sun": {
      "clicked": true,
      "image": {
        "frame": "1280x820",
        "body": {
          "left": 165,
          "right": 1044,
          "top": 378,
          "bottom": 441,
          "centreX": 605,
          "midRow": 410,
          "widthPx": 880,
          "heightPx": 64,
          "brightestRowWidthPx": 434,
          "centreColumnHeightPx": 22,
          "meanLuma": 0.073,
          "peakLuma": 1,
          "brightFraction": 0.014
        },
        "centreRowProfile": [
          0.003,
          0.004,
          0.004,
          0.02,
          0.003,
          0.003,
          0.003,
          0.003,
          0.003,
          0.003,
          0.003,
          0.011,
          0.027,
          0.02,
          0.176,
          0.02,
          0.02,
          0.017,
          0.037,
          0.244,
          0.828,
          0.245,
          0.052,
          0.02,
          0.02,
          0.363,
          0.022,
          0.024,
          0.02,
          0.02,
          0.012,
          0.197,
          0.085,
          0.015,
          0.032,
          0.026,
          0.028,
          0.018,
          0.022,
          0.022,
          0.022
        ],
        "centreColumnProfile": [
          0.038,
          0.053,
          0.025,
          0.043,
          0.016,
          0.017,
          0.022,
          0.028,
          0.031,
          0.031,
          0.039,
          0.028,
          0.028,
          0.028,
          0.036,
          0.024,
          0.034,
          0.067,
          0.074,
          0.141,
          0.201,
          0.142,
          0.074,
          0.208,
          0.035,
          0.032,
          0.015,
          0.022,
          0.022,
          0.016,
          0.02,
          0.02,
          0.003,
          0.003,
          0.008,
          0.003,
          0.003,
          0.003,
          0.003,
          0.003,
          0.02
        ]
      }
    },
    "Jupiter": {
      "clicked": true,
      "image": {
        "frame": "1280x820",
        "body": {
          "left": 0,
          "right": 1279,
          "top": 289,
          "bottom": 533,
          "centreX": 640,
          "midRow": 411,
          "widthPx": 1280,
          "heightPx": 245,
          "brightestRowWidthPx": 503,
          "centreColumnHeightPx": 612,
          "meanLuma": 0.144,
          "peakLuma": 0.891,
          "brightFraction": 0.029
        },
        "centreRowProfile": [
          0.008,
          0.016,
          0.02,
          0.004,
          0.016,
          0.02,
          0.021,
          0.016,
          0.003,
          0.004,
          0.008,
          0.012,
          0.019,
          0.003,
          0.02,
          0.028,
          0.557,
          0.675,
          0.771,
          0.834,
          0.829,
          0.759,
          0.702,
          0.722,
          0.007,
          0.028,
          0.029,
          0.038,
          0.455,
          0.028,
          0.02,
          0.022,
          0.023,
          0.024,
          0.015,
          0.027,
          0.021,
          0.029,
          0.021,
          0.015,
          0.022
        ],
        "centreColumnProfile": [
          0.025,
          0.027,
          0.018,
          0.083,
          0.022,
          0.021,
          0.019,
          0.454,
          0.028,
          0.026,
          0.058,
          0.021,
          0.042,
          0.039,
          0.041,
          0.58,
          0.63,
          0.71,
          0.752,
          0.829,
          0.839,
          0.717,
          0.846,
          0.828,
          0.728,
          0.814,
          0.707,
          0.003,
          0.013,
          0.02,
          0.031,
          0.02,
          0.026,
          0.052,
          0.02,
          0.022,
          0.003,
          0.003,
          0.007,
          0.008,
          0.009
        ]
      }
    },
    "Saturn": {
      "clicked": true,
      "image": {
        "frame": "1280x820",
        "body": {
          "left": 0,
          "right": 1279,
          "top": 274,
          "bottom": 620,
          "centreX": 640,
          "midRow": 447,
          "widthPx": 1280,
          "heightPx": 347,
          "brightestRowWidthPx": 701,
          "centreColumnHeightPx": 539,
          "meanLuma": 0.188,
          "peakLuma": 1,
          "brightFraction": 0.05
        },
        "centreRowProfile": [
          0.055,
          0.057,
          0.06,
          0.064,
          0.057,
          0.053,
          0.059,
          0.064,
          0.085,
          0.124,
          0.172,
          0.239,
          0.454,
          0.263,
          0.077,
          0.057,
          0.72,
          0.802,
          0.815,
          0.832,
          0.841,
          0.847,
          0.851,
          0.864,
          0.061,
          0.051,
          0.099,
          0.356,
          0.075,
          0.238,
          0.025,
          0.049,
          0.051,
          0.028,
          0.023,
          0.04,
          0.04,
          0.053,
          0.051,
          0.07,
          0.068
        ],
        "centreColumnProfile": [
          0.03,
          0.044,
          0.061,
          0.071,
          0.096,
          0.113,
          0.137,
          0.088,
          0.076,
          0.098,
          0.084,
          0.075,
          0.083,
          0.196,
          0.385,
          0.682,
          0.719,
          0.757,
          0.787,
          0.812,
          0.831,
          0.847,
          0.841,
          0.859,
          0.88,
          0.875,
          0.783,
          0.09,
          0.259,
          0.365,
          0.382,
          0.221,
          0.223,
          0.53,
          0.031,
          0.015,
          0.021,
          0.02,
          0.02,
          0.028,
          0.02
        ]
      }
    },
    "Uranus": {
      "clicked": true,
      "image": {
        "frame": "1280x820",
        "body": {
          "left": 0,
          "right": 1279,
          "top": 283,
          "bottom": 535,
          "centreX": 640,
          "midRow": 409,
          "widthPx": 1280,
          "heightPx": 253,
          "brightestRowWidthPx": 565,
          "centreColumnHeightPx": 556,
          "meanLuma": 0.155,
          "peakLuma": 0.868,
          "brightFraction": 0.062
        },
        "centreRowProfile": [
          0.021,
          0.007,
          0.015,
          0.011,
          0.02,
          0.022,
          0.031,
          0.028,
          0.054,
          0.045,
          0.029,
          0.035,
          0.039,
          0.041,
          0.035,
          0.039,
          0.843,
          0.864,
          0.858,
          0.845,
          0.822,
          0.775,
          0.71,
          0.606,
          0.046,
          0.062,
          0.035,
          0.037,
          0.033,
          0.496,
          0.027,
          0.025,
          0.026,
          0.028,
          0.028,
          0.051,
          0.041,
          0.057,
          0.053,
          0.057,
          0.072
        ],
        "centreColumnProfile": [
          0.038,
          0.042,
          0.035,
          0.02,
          0.018,
          0.012,
          0.022,
          0.034,
          0.031,
          0.032,
          0.023,
          0.036,
          0.03,
          0.036,
          0.624,
          0.732,
          0.768,
          0.791,
          0.807,
          0.815,
          0.822,
          0.825,
          0.827,
          0.825,
          0.818,
          0.804,
          0.76,
          0.021,
          0.019,
          0.024,
          0.02,
          0.016,
          0.021,
          0.022,
          0.02,
          0.02,
          0.021,
          0.021,
          0.003,
          0.004,
          0.017
        ]
      }
    },
    "Earth": {
      "clicked": true,
      "image": {
        "frame": "1280x820",
        "body": {
          "left": 0,
          "right": 1279,
          "top": 71,
          "bottom": 584,
          "centreX": 640,
          "midRow": 328,
          "widthPx": 1280,
          "heightPx": 514,
          "brightestRowWidthPx": 1087,
          "centreColumnHeightPx": 420,
          "meanLuma": 0.182,
          "peakLuma": 1,
          "brightFraction": 0.021
        },
        "centreRowProfile": [
          0.046,
          0.025,
          0.072,
          0.048,
          0.057,
          0.064,
          0.053,
          0.048,
          0.646,
          0.067,
          0.061,
          0.041,
          0.065,
          0.058,
          0.064,
          0.064,
          0.072,
          0.064,
          0.061,
          0.057,
          0.438,
          0.074,
          0.072,
          0.094,
          0.089,
          0.097,
          0.114,
          0.137,
          0.299,
          0.379,
          0.342,
          0.275,
          0.215,
          0.527,
          0.561,
          0.592,
          0.41,
          0.581,
          0.791,
          0.234,
          0.331
        ],
        "centreColumnProfile": [
          0.022,
          0.034,
          0.034,
          0.036,
          0.033,
          0.036,
          0.045,
          0.034,
          0.027,
          0.031,
          0.041,
          0.056,
          0.069,
          0.074,
          0.095,
          0.076,
          0.438,
          0.44,
          0.054,
          0.057,
          0.071,
          0.051,
          0.054,
          0.032,
          0.038,
          0.023,
          0.022,
          0.041,
          0.045,
          0.02,
          0.405,
          0.4,
          0.02,
          0.02,
          0.02,
          0.02,
          0.058,
          0.021,
          0.003,
          0.003,
          0.003
        ]
      }
    },
    "Mars": {
      "clicked": true,
      "image": {
        "frame": "1280x820",
        "body": {
          "left": 0,
          "right": 1275,
          "top": 163,
          "bottom": 470,
          "centreX": 638,
          "midRow": 317,
          "widthPx": 1276,
          "heightPx": 308,
          "brightestRowWidthPx": 240,
          "centreColumnHeightPx": 205,
          "meanLuma": 0.088,
          "peakLuma": 1,
          "brightFraction": 0.002
        },
        "centreRowProfile": [
          0.028,
          0.032,
          0.032,
          0.034,
          0.033,
          0.031,
          0.027,
          0.03,
          0.009,
          0.01,
          0.029,
          0.022,
          0.017,
          0.02,
          0.036,
          0.561,
          0.624,
          0.533,
          0.474,
          0.418,
          0.012,
          0.015,
          0.021,
          0.032,
          0.03,
          0.022,
          0.003,
          0.028,
          0.012,
          0.02,
          0.038,
          0.02,
          0.02,
          0.03,
          0.027,
          0.024,
          0.029,
          0.021,
          0.021,
          0.015,
          0.017
        ],
        "centreColumnProfile": [
          0.041,
          0.029,
          0.066,
          0.048,
          0.049,
          0.04,
          0.019,
          0.035,
          0.04,
          0.029,
          0.018,
          0.087,
          0.058,
          0.076,
          0.029,
          0.044,
          0.419,
          0.422,
          0.418,
          0.419,
          0.648,
          0.424,
          0.021,
          0.004,
          0.003,
          0.003,
          0.008,
          0.003,
          0.003,
          0.02,
          0.003,
          0.003,
          0.009,
          0.003,
          0.003,
          0.003,
          0.003,
          0.003,
          0.003,
          0.004,
          0.003
        ]
      }
    }
  },
  "messages": []
}
