measured Sun
measured Jupiter
measured Saturn
measured Uranus
measured Earth
measured Mars
{
  "url": "http://localhost:4173/",
  "bodies": {
    "Sun": {
      "clicked": true,
      "image": {
        "frame": "1280x820",
        "body": {
          "left": 309,
          "right": 1255,
          "top": 365,
          "bottom": 454,
          "centreX": 782,
          "midRow": 410,
          "widthPx": 947,
          "heightPx": 90,
          "brightestRowWidthPx": 663,
          "centreColumnHeightPx": 0,
          "meanLuma": 0.089,
          "peakLuma": 1,
          "brightFraction": 0.008
        },
        "centreRowProfile": [
          0.005,
          0.005,
          0.019,
          0.003,
          0.003,
          0.003,
          0.003,
          0.024,
          0.004,
          0.004,
          0.005,
          0.015,
          0.021,
          0.189,
          0.004,
          0.017,
          0.014,
          0.034,
          0.108,
          0.579,
          0.519,
          0.997,
          0.104,
          0.047,
          0.021,
          0.033,
          0.021,
          0.181,
          0.021,
          0.044,
          0.018,
          0.036,
          0.02,
          0.022,
          0.03,
          0.302,
          0.607,
          0.377,
          0.025,
          0.028,
          0.029
        ],
        "centreColumnProfile": [
          0.03,
          0.036,
          0.045,
          0.047,
          0.03,
          0.032,
          0.036,
          0.03,
          0.032,
          0.028,
          0.032,
          0.03,
          0.023,
          0.02,
          0.019,
          0.02,
          0.026,
          0.022,
          0.02,
          0.015,
          0.022,
          0.02,
          0.02,
          0.02,
          0.2,
          0.02,
          0.02,
          0.02,
          0.003,
          0.003,
          0.003,
          0.015,
          0.011,
          0.011,
          0.003,
          0.003,
          0.003,
          0.003,
          0.003,
          0.018,
          0.014
        ]
      }
    },
    "Jupiter": {
      "clicked": true,
      "image": {
        "frame": "1280x820",
        "body": {
          "left": 0,
          "right": 1279,
          "top": 247,
          "bottom": 585,
          "centreX": 640,
          "midRow": 416,
          "widthPx": 1280,
          "heightPx": 339,
          "brightestRowWidthPx": 681,
          "centreColumnHeightPx": 712,
          "meanLuma": 0.192,
          "peakLuma": 0.893,
          "brightFraction": 0.044
        },
        "centreRowProfile": [
          0.059,
          0.028,
          0.015,
          0.02,
          0.027,
          0.02,
          0.019,
          0.028,
          0.005,
          0.003,
          0.004,
          0.02,
          0.094,
          0.501,
          0.623,
          0.657,
          0.734,
          0.737,
          0.751,
          0.735,
          0.711,
          0.717,
          0.714,
          0.733,
          0.777,
          0.025,
          0.03,
          0.052,
          0.021,
          0.019,
          0.02,
          0.02,
          0.02,
          0.026,
          0.031,
          0.036,
          0.019,
          0.02,
          0.019,
          0.029,
          0.023
        ],
        "centreColumnProfile": [
          0.054,
          0.026,
          0.038,
          0.02,
          0.032,
          0.02,
          0.018,
          0.021,
          0.02,
          0.028,
          0.033,
          0.021,
          0.015,
          0.592,
          0.643,
          0.698,
          0.756,
          0.758,
          0.834,
          0.784,
          0.801,
          0.709,
          0.79,
          0.868,
          0.868,
          0.781,
          0.858,
          0.83,
          0.71,
          0.032,
          0.023,
          0.016,
          0.021,
          0.03,
          0.054,
          0.02,
          0.022,
          0.003,
          0.003,
          0.007,
          0.005
        ]
      }
    },
    "Saturn": {
      "clicked": true,
      "image": {
        "frame": "1280x820",
        "body": {
          "left": 0,
          "right": 1279,
          "top": 234,
          "bottom": 731,
          "centreX": 640,
          "midRow": 483,
          "widthPx": 1280,
          "heightPx": 498,
          "brightestRowWidthPx": 850,
          "centreColumnHeightPx": 721,
          "meanLuma": 0.233,
          "peakLuma": 1,
          "brightFraction": 0.067
        },
        "centreRowProfile": [
          0.045,
          0.049,
          0.053,
          0.057,
          0.078,
          0.109,
          0.205,
          0.179,
          0.338,
          0.401,
          0.135,
          0.088,
          0.071,
          0.065,
          0.672,
          0.81,
          0.838,
          0.838,
          0.84,
          0.844,
          0.845,
          1,
          0.861,
          0.872,
          0.864,
          0.031,
          0.041,
          0.067,
          0.251,
          0.377,
          0.371,
          0.197,
          0.031,
          0.049,
          0.053,
          0.064,
          0.061,
          0.048,
          0.048,
          0.027,
          0.022
        ],
        "centreColumnProfile": [
          0.018,
          0.049,
          0.066,
          0.066,
          0.08,
          0.56,
          0.088,
          0.098,
          0.157,
          0.106,
          0.167,
          0.195,
          0.342,
          0.677,
          0.719,
          0.754,
          0.746,
          0.788,
          0.803,
          0.808,
          0.824,
          0.828,
          0.847,
          0.841,
          0.85,
          0.876,
          0.88,
          0.876,
          0.835,
          0.032,
          0.064,
          0.101,
          0.243,
          0.386,
          0.415,
          0.408,
          0.061,
          0.195,
          0.187,
          0.72,
          0.021
        ]
      }
    },
    "Uranus": {
      "clicked": true,
      "image": {
        "frame": "1280x820",
        "body": {
          "left": 0,
          "right": 1279,
          "top": 236,
          "bottom": 576,
          "centreX": 640,
          "midRow": 406,
          "widthPx": 1280,
          "heightPx": 341,
          "brightestRowWidthPx": 851,
          "centreColumnHeightPx": 719,
          "meanLuma": 0.196,
          "peakLuma": 0.867,
          "brightFraction": 0.078
        },
        "centreRowProfile": [
          0.02,
          0.003,
          0.008,
          0.02,
          0.019,
          0.03,
          0.027,
          0.031,
          0.041,
          0.051,
          0.067,
          0.028,
          0.028,
          0.035,
          0.025,
          0.863,
          0.855,
          0.85,
          0.843,
          0.829,
          0.798,
          0.763,
          0.715,
          0.658,
          0.556,
          0.028,
          0.022,
          0.011,
          0.024,
          0.045,
          0.028,
          0.041,
          0.034,
          0.029,
          0.028,
          0.132,
          0.046,
          0.083,
          0.049,
          0.049,
          0.051
        ],
        "centreColumnProfile": [
          0.021,
          0.483,
          0.026,
          0.027,
          0.048,
          0.022,
          0.038,
          0.004,
          0.019,
          0.023,
          0.03,
          0.039,
          0.636,
          0.703,
          0.737,
          0.755,
          0.771,
          0.78,
          0.789,
          0.794,
          0.798,
          0.804,
          0.804,
          0.807,
          0.804,
          0.804,
          0.796,
          0.785,
          0.748,
          0.02,
          0.023,
          0.02,
          0.021,
          0.02,
          0.02,
          0.02,
          0.006,
          0.017,
          0.004,
          0.015,
          0.004
        ]
      }
    },
    "Earth": {
      "clicked": true,
      "image": {
        "frame": "1280x820",
        "body": {
          "left": 0,
          "right": 1279,
          "top": 69,
          "bottom": 392,
          "centreX": 640,
          "midRow": 231,
          "widthPx": 1280,
          "heightPx": 324,
          "brightestRowWidthPx": 369,
          "centreColumnHeightPx": 350,
          "meanLuma": 0.188,
          "peakLuma": 1,
          "brightFraction": 0.03
        },
        "centreRowProfile": [
          0.031,
          0.029,
          0.028,
          0.072,
          0.046,
          0.039,
          0.083,
          0.076,
          0.079,
          0.095,
          0.099,
          0.108,
          0.249,
          0.235,
          0.711,
          0.607,
          0.59,
          0.575,
          0.785,
          0.637,
          0.635,
          0.715,
          0.794,
          0.277,
          0.174,
          0.113,
          0.11,
          0.071,
          0.067,
          0.074,
          0.039,
          0.031,
          0.039,
          0.004,
          0.038,
          0.021,
          0.03,
          0.083,
          0.038,
          0.054,
          0.023
        ],
        "centreColumnProfile": [
          0.091,
          0.119,
          0.159,
          0.225,
          0.272,
          0.735,
          0.695,
          0.812,
          0.574,
          0.741,
          0.694,
          0.585,
          0.658,
          0.488,
          0.521,
          0.542,
          0.631,
          0.328,
          0.271,
          0.232,
          0.184,
          0.14,
          0.129,
          0.089,
          0.073,
          0.075,
          0.069,
          0.098,
          0.042,
          0.036,
          0.035,
          0.026,
          0.02,
          0.019,
          0.003,
          0.005,
          0.056,
          0.003,
          0.009,
          0.017,
          0.008
        ]
      }
    },
    "Mars": {
      "clicked": true,
      "image": {
        "frame": "1280x820",
        "body": {
          "left": 0,
          "right": 1279,
          "top": 143,
          "bottom": 424,
          "centreX": 640,
          "midRow": 284,
          "widthPx": 1280,
          "heightPx": 282,
          "brightestRowWidthPx": 739,
          "centreColumnHeightPx": 1,
          "meanLuma": 0.117,
          "peakLuma": 0.983,
          "brightFraction": 0.004
        },
        "centreRowProfile": [
          0.041,
          0.021,
          0.028,
          0.028,
          0.05,
          0.048,
          0.028,
          0.037,
          0.05,
          0.046,
          0.035,
          0.705,
          0.67,
          0.553,
          0.482,
          0.419,
          0.421,
          0.044,
          0.02,
          0.027,
          0.056,
          0.035,
          0.044,
          0.021,
          0.022,
          0.592,
          0.593,
          0.556,
          0.391,
          0.003,
          0.025,
          0.014,
          0.013,
          0.003,
          0.023,
          0.011,
          0.031,
          0.022,
          0.02,
          0.065,
          0.021
        ],
        "centreColumnProfile": [
          0.019,
          0.035,
          0.04,
          0.037,
          0.028,
          0.03,
          0.039,
          0.031,
          0.027,
          0.034,
          0.028,
          0.032,
          0.038,
          0.013,
          0.054,
          0.051,
          0.016,
          0.025,
          0.024,
          0.025,
          0.536,
          0.02,
          0.017,
          0.015,
          0.02,
          0.022,
          0.037,
          0.094,
          0.023,
          0.016,
          0.005,
          0.003,
          0.005,
          0.003,
          0.012,
          0.003,
          0.003,
          0.003,
          0.017,
          0.025,
          0.003
        ]
      }
    }
  },
  "messages": []
}
